
s_10_val1: 0.9834437086092715
s_30_val1: 0.9427480916030534
s_50_val1: 0.8896396396396397
s_70_val1: 0.8653846153846154
s_90_val1: 0.8274647887323944
s_10_val2: 0.9793672627235213
s_30_val2: 0.9363507779349363
s_50_val2: 0.8981077147016011
s_70_val2: 0.8575712143928036
s_90_val2: 0.8295981452859351
s_10_val3: 0.9662162162162162
s_30_val3: 0.8960843373493976
s_50_val3: 0.8289748953974896
s_70_val3: 0.773471615720524
s_90_val3: 0.7174657534246576
s_10_val4: 0.9084645669291338
s_30_val4: 0.853483606557377
s_50_val4: 0.8141025641025641
s_70_val4: 0.7723214285714285
s_90_val4: 0.7365654205607477
s_10_val5: 0.9133386581469649
s_30_val5: 0.8774752475247525
s_50_val5: 0.8391638225255973
s_70_val5: 0.7981448763250883
s_90_val5: 0.7541208791208791
s_10_val6: 0.9572901325478645
s_30_val6: 0.9256449165402124
s_50_val6: 0.892018779342723
s_70_val6: 0.8562197092084006
s_90_val6: 0.812186978297162
s_10_val7: 0.9607843137254901
s_30_val7: 0.8859060402684563
s_50_val7: 0.806896551724138
s_70_val7: 0.7290780141843971
s_90_val7: 0.6518248175182482
s_10_val8: 0.9267441860465117
s_30_val8: 0.9231707317073171
s_50_val8: 0.9192307692307693
s_70_val8: 0.9101351351351351
s_90_val8: 0.8907142857142857
s_10_val9: 0.9190556492411467
s_30_val9: 0.837696335078534
s_50_val9: 0.759493670886076
s_70_val9: 0.698405253283302
s_90_val9: 0.6593567251461988
s_10_val10: 0.9333756345177665
s_30_val10: 0.8629679144385027
s_50_val10: 0.797316384180791
s_70_val10: 0.7238023952095809
s_90_val10: 0.6584394904458598
s_10_val11: 0.9735169491525424
s_30_val11: 0.9170353982300885
s_50_val11: 0.8553240740740741
s_70_val11: 0.787621359223301
s_90_val11: 0.7130102040816327
s_10_val12: 0.9632352941176471
s_30_val12: 0.8828125
s_50_val12: 0.7916666666666666
s_70_val12: 0.7098214285714286
s_90_val12: 0.6682692307692307
s_10_val13: 0.9257322175732218
s_30_val13: 0.8788209606986899
s_50_val13: 0.8276255707762558
s_70_val13: 0.7715311004784691
s_90_val13: 0.7097989949748744
s_10_val14: 0.9664371772805508
s_30_val14: 0.9171122994652406
s_50_val14: 0.8678373382624769
s_70_val14: 0.8272552783109406
s_90_val14: 0.7924151696606787
s_10_val15: 0.9692307692307693
s_30_val15: 0.9311475409836065
s_50_val15: 0.9315789473684211
s_70_val15: 0.9311320754716981
s_90_val15: 0.9255102040816326
s_10_val16: 0.9570610687022901
s_30_val16: 0.8720238095238094
s_50_val16: 0.7944214876033059
s_70_val16: 0.7332974137931034
s_90_val16: 0.6875
s_10_val17: 0.96996996996997
s_30_val17: 0.9071207430340557
s_50_val17: 0.8402555910543131
s_70_val17: 0.768976897689769
s_90_val17: 0.7137372013651877
s_10_val18: 0.9663677130044843
s_30_val18: 0.8943661971830985
s_50_val18: 0.8165024630541873
s_70_val18: 0.7597150259067357
s_90_val18: 0.7137978142076502
s_10_val19: 0.9647887323943662
s_30_val19: 0.8957023060796646
s_50_val19: 0.8254923413566739
s_70_val19: 0.7591533180778033
s_90_val19: 0.7032374100719424
s_10_val20: 0.9813084112149533
s_30_val20: 0.945631067961165
s_50_val20: 0.9232323232323232
s_70_val20: 0.8989473684210526
s_90_val20: 0.8725274725274725
s_10_val21: 0.8897810218978102
s_30_val21: 0.856390977443609
s_50_val21: 0.8209302325581396
s_70_val21: 0.7944
s_90_val21: 0.7710743801652892
s_10_val22: 0.9676375404530745
s_30_val22: 0.907608695652174
s_50_val22: 0.8499134948096887
s_70_val22: 0.7997311827956989
s_90_val22: 0.7476765799256506
s_10_val23: 0.960093896713615
s_30_val23: 0.9224555735056543
s_50_val23: 0.8864774624373957
s_70_val23: 0.848013816925734
s_90_val23: 0.8269230769230769
s_10_val24: 0.9244712990936557
s_30_val24: 0.8810289389067524
s_50_val24: 0.8848797250859107
s_70_val24: 0.9197416974169741
s_90_val24: 0.9282868525896415
