
s_m10_val1: 0.9696210713420054
s_m30_val1: 0.9106738273055299
s_m50_val1: 0.8620057606703325
s_m70_val1: 0.8152223333636447
s_m90_val1: 0.7858498623896744
s_m10_val2: 0.9678628929751716
s_m30_val2: 0.9094436116744555
s_m50_val2: 0.8552752504365407
s_m70_val2: 0.8058967469532674
s_m90_val2: 0.7629003112137336
s_m10_val3: 0.9619275603663614
s_m30_val3: 0.9117099567099567
s_m50_val3: 0.8604373309287646
s_m70_val3: 0.8098306679209784
s_m90_val3: 0.7667404129793511
s_m10_val4: 0.9617720465890184
s_m30_val4: 0.912651384083045
s_m50_val4: 0.8609459459459459
s_m70_val4: 0.8105733082706768
s_m90_val4: 0.7666257367387033
s_m10_val5: 0.9612670139472358
s_m30_val5: 0.9102866631707743
s_m50_val5: 0.8577900200327809
s_m70_val5: 0.80678578217069
s_m90_val5: 0.7635658914728682
s_m10_val6: 0.96138914676344
s_m30_val6: 0.9107472122223198
s_m50_val6: 0.8578781224265715
s_m70_val6: 0.8070971439488013
s_m90_val6: 0.763887501248876
s_m10_val7: 0.9630196378474878
s_m30_val7: 0.9126780500752013
s_m50_val7: 0.8617310707368809
s_m70_val7: 0.8131079649426948
s_m90_val7: 0.7723722664516779
s_m10_val8: 0.9612539262688048
s_m30_val8: 0.9099286819041073
s_m50_val8: 0.8569958847736625
s_m70_val8: 0.8053508117186042
s_m90_val8: 0.7609670501072334
s_m10_val9: 0.9634268956849603
s_m30_val9: 0.9138562091503268
s_m50_val9: 0.8632319564230594
s_m70_val9: 0.8130506868782568
s_m90_val9: 0.7691431401684001
s_m10_val10: 0.9625020603263557
s_m30_val10: 0.9133116326880247
s_m50_val10: 0.8623595505617978
s_m70_val10: 0.8121164217965409
s_m90_val10: 0.7686030697493685
s_m10_val11: 0.9621350364963503
s_m30_val11: 0.9117583649534322
s_m50_val11: 0.8597790948275862
s_m70_val11: 0.8097836268265268
s_m90_val11: 0.7672768206734535
s_m10_val12: 0.9626271742697735
s_m30_val12: 0.9126662687585266
s_m50_val12: 0.861332978345758
s_m70_val12: 0.8114591043671355
s_m90_val12: 0.7677570545032856
s_m10_val13: 0.9619294605809129
s_m30_val13: 0.911432269197584
s_m50_val13: 0.8594339622641509
s_m70_val13: 0.8094423617619494
s_m90_val13: 0.7669686581782567
s_m10_val14: 0.9623754917552523
s_m30_val14: 0.9116610080961087
s_m50_val14: 0.8591185272512922
s_m70_val14: 0.8079871297435413
s_m90_val14: 0.7632581379242109
s_m10_val15: 0.9623248381545522
s_m30_val15: 0.9106914757728009
s_m50_val15: 0.8569529380483913
s_m70_val15: 0.805067910930426
s_m90_val15: 0.7606629354434045
s_m10_val16: 0.962741586137954
s_m30_val16: 0.9128984753984755
s_m50_val16: 0.8616699747383616
s_m70_val16: 0.8113940135542168
s_m90_val16: 0.76775875639512
s_m10_val17: 0.9625063227111785
s_m30_val17: 0.9123837923171374
s_m50_val17: 0.8609257905318954
s_m70_val17: 0.8112001526426255
s_m90_val17: 0.7676112552384753
s_m10_val18: 0.9624855156431055
s_m30_val18: 0.9123859920839786
s_m50_val18: 0.8610016126142267
s_m70_val18: 0.8105494300130817
s_m90_val18: 0.7668912321812146
s_m10_val19: 0.9627836422575016
s_m30_val19: 0.9123023074928701
s_m50_val19: 0.8603636036360363
s_m70_val19: 0.8102525584452164
s_m90_val19: 0.7670738887253459
s_m10_val20: 0.9630617860418578
s_m30_val20: 0.9107994450706667
s_m50_val20: 0.8569041813420031
s_m70_val20: 0.8050032978422689
s_m90_val20: 0.7606372500738697
s_m10_val21: 0.9618762137971798
s_m30_val21: 0.910502503733638
s_m50_val21: 0.8579831548109494
s_m70_val21: 0.8066281181305552
s_m90_val21: 0.7625712286314106
s_m10_val22: 0.9628673383711166
s_m30_val22: 0.9119868995633187
s_m50_val22: 0.8593949044585988
s_m70_val22: 0.808641975308642
s_m90_val22: 0.7653922542204568
s_m10_val23: 0.9628017495163598
s_m30_val23: 0.9109502143669612
s_m50_val23: 0.8575303126994256
s_m70_val23: 0.8061423541726139
s_m90_val23: 0.7612200218927256
s_m10_val24: 0.9633106501598754
s_m30_val24: 0.9123498338587374
s_m50_val24: 0.8584508291212202
s_m70_val24: 0.8060229268743645
s_m90_val24: 0.7615863667085063
