
s_m10_val1: 0.9834437086092715
s_m30_val1: 0.9007633587786259
s_m50_val1: 0.9572072072072073
s_m70_val1: 0.9642857142857143
s_m90_val1: 0.9401408450704225
s_m10_val2: 0.9790233837689133
s_m30_val2: 0.9405940594059405
s_m50_val2: 0.9064774381368268
s_m70_val2: 0.8669415292353824
s_m90_val2: 0.839644513137558
s_m10_val3: 0.95511583011583
s_m30_val3: 0.9141566265060241
s_m50_val3: 0.8478033472803348
s_m70_val3: 0.793122270742358
s_m90_val3: 0.7385844748858448
s_m10_val4: 0.9655511811023623
s_m30_val4: 0.8924180327868851
s_m50_val4: 0.8333333333333334
s_m70_val4: 0.7723214285714285
s_m90_val4: 0.7365654205607477
s_m10_val5: 0.9772364217252396
s_m30_val5: 0.9418316831683168
s_m50_val5: 0.8971843003412969
s_m70_val5: 0.8493816254416962
s_m90_val5: 0.7980769230769231
s_m10_val6: 0.9753313696612667
s_m30_val6: 0.9320940819423369
s_m50_val6: 0.8924100156494523
s_m70_val6: 0.8404684975767367
s_m90_val6: 0.7909015025041737
s_m10_val7: 0.9483660130718954
s_m30_val7: 0.8996644295302014
s_m50_val7: 0.8296551724137932
s_m70_val7: 0.747163120567376
s_m90_val7: 0.6635036496350365
s_m10_val8: 0.9883720930232558
s_m30_val8: 0.9634146341463414
s_m50_val8: 0.9358974358974359
s_m70_val8: 0.9101351351351351
s_m90_val8: 0.8907142857142857
s_m10_val9: 0.9384485666104553
s_m30_val9: 0.8691099476439791
s_m50_val9: 0.7857142857142857
s_m70_val9: 0.724671669793621
s_m90_val9: 0.6866471734892787
s_m10_val10: 0.9536802030456852
s_m30_val10: 0.8596256684491979
s_m50_val10: 0.768361581920904
s_m70_val10: 0.7005988023952096
s_m90_val10: 0.6496815286624203
s_m10_val11: 0.9682203389830508
s_m30_val11: 0.911504424778761
s_m50_val11: 0.849537037037037
s_m70_val11: 0.7815533980582524
s_m90_val11: 0.7066326530612246
s_m10_val12: 0.9566176470588235
s_m30_val12: 0.87578125
s_m50_val12: 0.7841666666666666
s_m70_val12: 0.7017857142857143
s_m90_val12: 0.6596153846153846
s_m10_val13: 0.9738493723849372
s_m30_val13: 0.9181222707423581
s_m50_val13: 0.8573059360730594
s_m70_val13: 0.7906698564593302
s_m90_val13: 0.7173366834170855
s_m10_val14: 0.9621342512908778
s_m30_val14: 0.912655971479501
s_m50_val14: 0.8641404805914972
s_m70_val14: 0.8238963531669865
s_m90_val14: 0.8018962075848304
s_m10_val15: 0.9623076923076923
s_m30_val15: 0.95
s_m50_val15: 0.9535087719298245
s_m70_val15: 0.9547169811320755
s_m90_val15: 0.9510204081632653
s_m10_val16: 0.9556297709923665
s_m30_val16: 0.8834325396825395
s_m50_val16: 0.8063016528925621
s_m70_val16: 0.7456896551724138
s_m90_val16: 0.7004504504504504
s_m10_val17: 0.9632132132132132
s_m30_val17: 0.90015479876161
s_m50_val17: 0.8330670926517572
s_m70_val17: 0.7665016501650165
s_m90_val17: 0.7214163822525598
s_m10_val18: 0.9646860986547086
s_m30_val18: 0.8931924882629108
s_m50_val18: 0.8152709359605912
s_m70_val18: 0.7577720207253885
s_m90_val18: 0.7110655737704917
s_m10_val19: 0.959758551307847
s_m30_val19: 0.8967505241090147
s_m50_val19: 0.8342450765864333
s_m70_val19: 0.7683066361556065
s_m90_val19: 0.7128297362110312
s_m10_val20: 0.9551401869158879
s_m30_val20: 0.9320388349514563
s_m50_val20: 0.9136363636363636
s_m70_val20: 0.8889473684210526
s_m90_val20: 0.8615384615384616
s_m10_val21: 0.9766423357664233
s_m30_val21: 0.9308270676691729
s_m50_val21: 0.8821705426356589
s_m70_val21: 0.8416
s_m90_val21: 0.8033057851239669
s_m10_val22: 0.9603559870550162
s_m30_val22: 0.9059364548494984
s_m50_val22: 0.8576989619377163
s_m70_val22: 0.8077956989247311
s_m90_val22: 0.7560408921933086
s_m10_val23: 0.9632237871674492
s_m30_val23: 0.9244749596122779
s_m50_val23: 0.8902337228714524
s_m70_val23: 0.8518998272884284
s_m90_val23: 0.8309481216457961
s_m10_val24: 0.9486404833836858
s_m30_val24: 0.885048231511254
s_m50_val24: 0.890893470790378
s_m70_val24: 0.9095940959409594
s_m90_val24: 0.9013944223107571
