
s_m_h10_val1: 0.9844065605558697
s_m_h20_val1: 0.9773195027578827
s_m_h30_val1: 0.9754132751531426
s_m_h40_val1: 0.9720629759561906
s_m_h50_val1: 0.9684908789386402
