
s_m_h10_val1: 0.9188741721854305
s_m_h20_val1: 0.8581560283687943
s_m_h30_val1: 0.8492366412213741
s_m_h40_val1: 0.847107438016529
s_m_h50_val1: 0.8513513513513513
