
s_m_h10_val1: 0.9834437086092715
s_m_h30_val1: 0.8797709923664122
s_m_h50_val1: 0.9211711711711712
s_m_h70_val1: 0.9065934065934066
s_m_h90_val1: 0.8838028169014085
s_m_h10_val2: 0.9748968363136176
s_m_h30_val2: 0.9416548797736917
s_m_h50_val2: 0.9090247452692868
s_m_h70_val2: 0.868815592203898
s_m_h90_val2: 0.8435085007727976
s_m_h10_val3: 0.9589768339768341
s_m_h30_val3: 0.9086345381526104
s_m_h50_val3: 0.8420502092050208
s_m_h70_val3: 0.787117903930131
s_m_h90_val3: 0.7323059360730593
s_m_h10_val4: 0.9429133858267716
s_m_h30_val4: 0.8842213114754098
s_m_h50_val4: 0.8376068376068376
s_m_h70_val4: 0.8080357142857142
s_m_h90_val4: 0.7751168224299065
s_m_h10_val5: 0.9740415335463259
s_m_h30_val5: 0.9319306930693069
s_m_h50_val5: 0.8873720136518771
s_m_h70_val5: 0.8392226148409894
s_m_h90_val5: 0.7870879120879121
s_m_h10_val6: 0.9745949926362298
s_m_h30_val6: 0.9317147192716236
s_m_h50_val6: 0.8826291079812207
s_m_h70_val6: 0.8303715670436187
s_m_h90_val6: 0.7804674457429049
s_m_h10_val7: 0.9454248366013072
s_m_h30_val7: 0.8946308724832215
s_m_h50_val7: 0.8300000000000001
s_m_h70_val7: 0.7521276595744681
s_m_h90_val7: 0.6693430656934306
s_m_h10_val8: 0.9575581395348838
s_m_h30_val8: 0.9432926829268293
s_m_h50_val8: 0.9275641025641026
s_m_h70_val8: 0.9101351351351351
s_m_h90_val8: 0.8907142857142857
s_m_h10_val9: 0.8752107925801013
s_m_h30_val9: 0.8481675392670157
s_m_h50_val9: 0.8485533453887885
s_m_h70_val9: 0.8123827392120075
s_m_h90_val9: 0.7607212475633529
s_m_h10_val10: 0.9168781725888325
s_m_h30_val10: 0.876336898395722
s_m_h50_val10: 0.8241525423728814
s_m_h70_val10: 0.7717065868263473
s_m_h90_val10: 0.7253184713375795
s_m_h10_val11: 0.9666313559322034
s_m_h30_val11: 0.9098451327433629
s_m_h50_val11: 0.8478009259259259
s_m_h70_val11: 0.7797330097087378
s_m_h90_val11: 0.7047193877551021
s_m_h10_val12: 0.924264705882353
s_m_h30_val12: 0.86484375
s_m_h50_val12: 0.8041666666666667
s_m_h70_val12: 0.74375
s_m_h90_val12: 0.7038461538461538
s_m_h10_val13: 0.9738493723849372
s_m_h30_val13: 0.9181222707423581
s_m_h50_val13: 0.8573059360730594
s_m_h70_val13: 0.7906698564593302
s_m_h90_val13: 0.7173366834170855
s_m_h10_val14: 0.9612736660929432
s_m_h30_val14: 0.946078431372549
s_m_h50_val14: 0.8978743068391867
s_m_h70_val14: 0.8584452975047985
s_m_h90_val14: 0.8248502994011976
s_m_h10_val15: 0.953846153846154
s_m_h30_val15: 0.9442622950819672
s_m_h50_val15: 0.9517543859649122
s_m_h70_val15: 0.9528301886792454
s_m_h90_val15: 0.9479591836734693
s_m_h10_val16: 0.9298664122137404
s_m_h30_val16: 0.8715277777777778
s_m_h50_val16: 0.8042355371900827
s_m_h70_val16: 0.7543103448275862
s_m_h90_val16: 0.7319819819819819
s_m_h10_val17: 0.9478228228228228
s_m_h30_val17: 0.9090557275541796
s_m_h50_val17: 0.8590255591054312
s_m_h70_val17: 0.790016501650165
s_m_h90_val17: 0.7453071672354948
s_m_h10_val18: 0.9680493273542601
s_m_h30_val18: 0.8996478873239436
s_m_h50_val18: 0.8220443349753694
s_m_h70_val18: 0.7655440414507771
s_m_h90_val18: 0.7199453551912568
s_m_h10_val19: 0.9582494969818913
s_m_h30_val19: 0.9046121593291404
s_m_h50_val19: 0.8402625820568929
s_m_h70_val19: 0.7745995423340961
s_m_h90_val19: 0.7194244604316546
s_m_h10_val20: 0.9775700934579439
s_m_h30_val20: 0.9504854368932039
s_m_h50_val20: 0.9282828282828284
s_m_h70_val20: 0.9042105263157895
s_m_h90_val20: 0.878021978021978
s_m_h10_val21: 0.9700729927007299
s_m_h30_val21: 0.9390977443609022
s_m_h50_val21: 0.8968992248062015
s_m_h70_val21: 0.8568
s_m_h90_val21: 0.8190082644628098
s_m_h10_val22: 0.9498381877022654
s_m_h30_val22: 0.9067725752508361
s_m_h50_val22: 0.8602941176470589
s_m_h70_val22: 0.8104838709677419
s_m_h90_val22: 0.7588289962825279
s_m_h10_val23: 0.9671361502347418
s_m_h30_val23: 0.9200323101777059
s_m_h50_val23: 0.8839732888146912
s_m_h70_val23: 0.8506044905008636
s_m_h90_val23: 0.8300536672629696
s_m_h10_val24: 0.9486404833836858
s_m_h30_val24: 0.8745980707395499
s_m_h50_val24: 0.8780068728522337
s_m_h70_val24: 0.8939114391143911
s_m_h90_val24: 0.8864541832669324
