s_m_h_1_val6: 0.9921507064364207
s_m_h_4_val6: 0.9925078864353313
s_m_h_7_val6: 0.993660855784469
s_m_h_10_val6: 0.9948248407643312
s_m_h_13_val6: 0.994
s_m_h_16_val6: 0.9903536977491961
s_m_h_19_val6: 0.9866720516962844
s_m_h_22_val6: 0.9833603896103896
s_m_h_25_val6: 0.9800163132137031
s_m_h_28_val6: 0.976639344262295
s_m_h_31_val6: 0.9736408566721582
s_m_h_34_val6: 0.9701986754966887
s_m_h_37_val6: 0.9671381031613977
s_m_h_40_val6: 0.9632107023411371
s_m_h_43_val6: 0.9596638655462185
s_m_h_46_val6: 0.9556587837837838
s_m_h_49_val6: 0.952037351443124
s_m_h_52_val6: 0.9496587030716723
s_m_h_55_val6: 0.9472555746140652 
s_m_h_60_val6: 0.9411764705882353
s_m_h_65_val6: 0.9358638743455497
s_m_h_70_val6: 0.929137323943662 
s_m_h_75_val6: 0.9240674955595026
s_m_h_80_val6: 0.9175627240143369 