s_m_h_1_val7: 0.9829457364341085
s_m_h_4_val7: 0.9855919003115264
s_m_h_7_val7: 0.9886541471048513
s_m_h_10_val7: 0.9921383647798742
s_m_h_13_val7: 0.990916271721959
s_m_h_16_val7: 0.9900793650793651
s_m_h_19_val7: 0.988835725677831
s_m_h_22_val7: 0.9875801282051282
s_m_h_25_val7: 0.9863123993558777
s_m_h_28_val7: 0.985032362459547
s_m_h_31_val7: 0.9829268292682927
s_m_h_34_val7: 0.9791666666666666
s_m_h_37_val7: 0.9753694581280788
s_m_h_40_val7: 0.9715346534653465
s_m_h_43_val7: 0.9680762852404643
s_m_h_46_val7: 0.9654166666666667
s_m_h_49_val7: 0.9635678391959799
s_m_h_52_val7: 0.9608585858585859
s_m_h_55_val7: 0.9619289340101523 
s_m_h_60_val7: 0.9547781569965871 
s_m_h_65_val7: 0.9500860585197934 
s_m_h_70_val7: 0.9453125 
s_m_h_75_val7: 0.9404553415061296 
s_m_h_80_val7: 0.9359540636042403 