s_m_h_1_val1: 0.9984375
s_m_h_4_val1: 0.9936305732484076
s_m_h_7_val1: 0.9886363636363636
s_m_h_10_val1: 0.9801324503311258
s_m_h_13_val1: 0.9763513513513513
s_m_h_16_val1: 0.9758620689655172
s_m_h_19_val1: 0.977112676056338
s_m_h_22_val1: 0.9694244604316546
s_m_h_25_val1: 0.9724264705882353
s_m_h_28_val1: 0.9736842105263158
s_m_h_31_val1: 0.9769230769230769
s_m_h_34_val1: 0.9822834645669292
s_m_h_37_val1: 0.9858870967741935
s_m_h_40_val1: 0.9917355371900827
s_m_h_43_val1: 0.9978813559322034
s_m_h_46_val1: 0.9956521739130435
s_m_h_49_val1: 0.9888392857142857
s_m_h_52_val1: 0.9885321100917431