s_m_1_val11: 0.97544080604534
s_m_4_val11: 0.9809644670050761
s_m_h_7_val11: 0.9833759590792839
s_m_h_10_val11: 0.9851804123711341
s_m_h_13_val11: 0.987012987012987
s_m_h_16_val11: 0.9888743455497382
s_m_h_19_val11: 0.9907651715039578
s_m_h_22_val11: 0.9847074468085106
s_m_h_25_val11: 0.9785522788203753
s_m_h_28_val11: 0.9722972972972973
s_m_h_31_val11: 0.9659400544959128
s_m_h_34_val11: 0.959478021978022
s_m_h_37_val11: 0.9529085872576177
s_m_h_40_val11: 0.9462290502793296
s_m_h_43_val11: 0.9394366197183098
s_m_h_46_val11: 0.9332386363636364
s_m_h_49_val11: 0.9262177650429799
s_m_h_52_val11: 0.9190751445086706
s_m_h_55_val11: 0.9183673469387755
s_m_h_60_val11: 0.9016272189349113 
s_m_h_65_val11: 0.8888888888888888 
s_m_h_70_val11: 0.8810975609756098 
s_m_h_75_val11: 0.8746130030959752 
s_m_h_80_val11: 0.8710691823899371 