s_m_h_1_val10: 0.9835423197492164
s_m_h_4_val10: 0.9857594936708861
s_m_h_7_val10: 0.987220447284345
s_m_h_10_val10: 0.989516129032258
s_m_h_13_val10: 0.9869706840390879
s_m_h_16_val10: 0.9794407894736842
s_m_h_19_val10: 0.9717607973421927
s_m_h_22_val10: 0.9639261744966443
s_m_h_25_val10: 0.9559322033898305
s_m_h_28_val10: 0.9486301369863014
s_m_h_31_val10: 0.9403114186851211
s_m_h_34_val10: 0.9326923076923077
s_m_h_37_val10: 0.9240282685512368
s_m_h_40_val10: 0.9151785714285714
s_m_h_43_val10: 0.9097472924187726
s_m_h_46_val10: 0.9032846715328468
s_m_h_49_val10: 0.8976014760147601
s_m_h_52_val10: 0.8908582089552238
s_m_h_55_val10: 0.8867924528301887 
s_m_h_60_val10: 0.8721153846153846 
s_m_h_65_val10: 0.8607843137254902 
s_m_h_70_val10: 0.849 
s_m_h_75_val10: 0.8377551020408164 
s_m_h_80_val10: 0.8260416666666667 