s_m_h_1_val2: 0.9768588770864947
s_m_h_4_val2: 0.9801829268292683
s_m_h_7_val2: 0.9831546707503829
s_m_h_10_val2: 0.9865384615384616
s_m_h_13_val2: 0.9884080370942813
s_m_h_16_val2: 0.9879658385093167
s_m_h_19_val2: 0.9867394695787831
s_m_h_22_val2: 0.9855015673981191
s_m_h_25_val2: 0.984251968503937
s_m_h_28_val2: 0.9837816455696202
s_m_h_31_val2: 0.9841017488076311
s_m_h_34_val2: 0.9840255591054313
s_m_h_37_val2: 0.9839486356340289
s_m_h_40_val2: 0.9838709677419355
s_m_h_43_val2: 0.9817666126418152
s_m_h_46_val2: 0.9792345276872965
s_m_h_49_val2: 0.9770867430441899
s_m_h_52_val2: 0.9745065789473685
s_m_h_55_val2: 0.9727272727272728 
s_m_h_60_val2: 0.9679166666666666 
s_m_h_65_val2: 0.9638655462184874 
s_m_h_70_val2: 0.9593220338983051 
s_m_h_75_val2: 0.9555555555555556 
s_m_h_80_val2: 0.9512931034482759 