s_m_h_1_val3: 0.9827188940092166
s_m_h_4_val3: 0.9878190255220418
s_m_h_7_val3: 0.991822429906542
s_m_h_10_val3: 0.9911764705882353
s_m_h_13_val3: 0.9899289099526066
s_m_h_16_val3: 0.9886634844868735
s_m_h_19_val3: 0.9867788461538461
s_m_h_22_val3: 0.9812348668280871
s_m_h_25_val3: 0.9762195121951219
s_m_h_28_val3: 0.9705159705159705
s_m_h_31_val3: 0.9647277227722773
s_m_h_34_val3: 0.9594763092269327
s_m_h_37_val3: 0.9541457286432161
s_m_h_40_val3: 0.9487341772151898
s_m_h_43_val3: 0.9426020408163265
s_m_h_46_val3: 0.9363753213367609
s_m_h_49_val3: 0.9300518134715026
s_m_h_52_val3: 0.9242819843342036
s_m_h_55_val3: 0.9184210526315789 
s_m_h_60_val3: 0.908 
s_m_h_65_val3: 0.897972972972973 
s_m_h_70_val3: 0.8904109589041096 
s_m_h_75_val3: 0.8833333333333333 
s_m_h_80_val3: 0.8753521126760564 