s_m_h_1_val4: 0.9801136363636364
s_m_h_4_val4: 0.9851258581235698
s_m_h_7_val4: 0.9902073732718893
s_m_h_10_val4: 0.9953596287703016
s_m_h_13_val4: 0.9970794392523364
s_m_h_16_val4: 0.9947058823529412
s_m_h_19_val4: 0.9893364928909952
s_m_h_22_val4: 0.983890214797136
s_m_h_25_val4: 0.9783653846153846
s_m_h_28_val4: 0.9727602905569007
s_m_h_31_val4: 0.9682926829268292
s_m_h_34_val4: 0.964987714987715
s_m_h_37_val4: 0.9610148514851485
s_m_h_40_val4: 0.9569825436408977
s_m_h_43_val4: 0.9528894472361809
s_m_h_46_val4: 0.9487341772151898
s_m_h_49_val4: 0.9445153061224489
s_m_h_52_val4: 0.9402313624678663