s_m_h_1_val5: 0.9796819787985865
s_m_h_4_val5: 0.9849023090586145
s_m_h_7_val5: 0.9901785714285715
s_m_h_10_val5: 0.994165170556553
s_m_h_13_val5: 0.9972924187725631
s_m_h_16_val5: 0.9968239564428312
s_m_h_19_val5: 0.9931569343065694
s_m_h_22_val5: 0.9899082568807339
s_m_h_25_val5: 0.9857011070110702
s_m_h_28_val5: 0.9814471243042672
s_m_h_31_val5: 0.9780783582089553
s_m_h_34_val5: 0.975140712945591
s_m_h_37_val5: 0.9726415094339622
s_m_h_40_val5: 0.9705882352941176
s_m_h_43_val5: 0.9680343511450382
s_m_h_46_val5: 0.9654510556621881
s_m_h_49_val5: 0.9623552123552124
s_m_h_52_val5: 0.9597087378640776
s_m_h_55_val5: 0.95751953125 
s_m_h_60_val5: 0.9516765285996055 
s_m_h_65_val5: 0.9472111553784861 
s_m_h_70_val5: 0.9416498993963782 
s_m_h_75_val5: 0.9369918699186992 
s_m_h_80_val5: 0.9322381930184805 