s_m_h_1_val8: 0.9797650130548303
s_m_h_4_val8: 0.9776315789473684
s_m_h_7_val8: 0.9754641909814323
s_m_h_10_val8: 0.9732620320855615
s_m_h_13_val8: 0.9703504043126685
s_m_h_16_val8: 0.9680706521739131
s_m_h_19_val8: 0.9657534246575342
s_m_h_22_val8: 0.9640883977900553
s_m_h_25_val8: 0.9616991643454039
s_m_h_28_val8: 0.9592696629213483
s_m_h_31_val8: 0.9539660056657224
s_m_h_34_val8: 0.9485714285714286
s_m_h_37_val8: 0.9423631123919308
s_m_h_40_val8: 0.934593023255814
s_m_h_43_val8: 0.9281524926686217
s_m_h_46_val8: 0.9208579881656804
s_m_h_49_val8: 0.914179104477612
s_m_h_52_val8: 0.9066265060240963