s_m_h_1_val9: 0.973421926910299
s_m_h_4_val9: 0.9770450751252087
s_m_h_7_val9: 0.9807046979865772
s_m_h_10_val9: 0.9844013490725126
s_m_h_13_val9: 0.988135593220339
s_m_h_16_val9: 0.989778534923339
s_m_h_19_val9: 0.9910102739726028
s_m_h_22_val9: 0.9922547332185886
s_m_h_25_val9: 0.990484429065744
s_m_h_28_val9: 0.9891304347826086
s_m_h_31_val9: 0.986451048951049
s_m_h_34_val9: 0.9846221441124781
s_m_h_37_val9: 0.9823321554770318
s_m_h_40_val9: 0.9795737122557726
s_m_h_43_val9: 0.9754464285714286
s_m_h_46_val9: 0.9712746858168761
s_m_h_49_val9: 0.967057761732852
s_m_h_52_val9: 0.9627949183303085
s_m_h_55_val9: 0.958941605839416 
s_m_h_60_val9: 0.9525782688766115 
s_m_h_65_val9: 0.9479553903345725 
s_m_h_70_val9: 0.9427767354596623 
s_m_h_75_val9: 0.9375 
s_m_h_80_val9: 0.9326003824091779 